ABMF00GLP	16.2623056	-61.5275306	-25
ABPO00MDG	-19.018306	47.2292117	1552.9923
ACRG00GHA	5.6414778	-0.2071111	83.5
ADIS00ETH	9.035134	38.7663017	2439.154
AGGO00ARG	-34.8737083	-58.1398611	42.085
AIRA00JPN	31.8240611	130.5995917	314.64
AJAC00FRA	41.92745	8.7626083	98.8
ALBH00CAN	48.3898	-123.4874	32
ALGO00CAN	45.9588	-78.0714	202
ALIC00AUS	-23.670125	133.8855139	603.4
ALRT00CAN	82.4942944	-62.3404611	78.11
AMC400USA	38.803125	-104.5245972	1911.3941
ANKR00TUR	39.8875111	32.7585778	974.8
ANMG00MYS	2.7846483	101.5066022	15.002
ANTC00CHL	-37.3387028	-71.53205	745.4
AREG00PER	-16.4654233	-71.4929041	2489.337
AREQ00PER	-16.465517	-71.4927967	2488.9226
ARHT00ATA	-77.8294361	166.6636528	135.336
ARTU00RUS	56.4298222	58.5604528	247.511
ARUC00ARM	40.2857222	44.0855833	1222
ASCG00SHN	-7.916281	-14.3326645	37.953
ASPA00USA	-14.3260944	-170.7224333	53.7
ATRU00KAZ	47.1308806	51.9537667	-32.0524
AUCK00NZL	-36.6028	174.8344	132.711
BADG00RUS	51.7697056	102.2349806	811.4
BAIE00CAN	49.186825	-68.2633278	27.5
BAKE00CAN	64.3178194	-96.0023444	4.4
BAKO00IDN	-6.49	106.85	158.18
BAMF00CAN	48.8353167	-125.1350889	11.1
BARH00USA	44.3950472	-68.2216917	6.8
BELE00BRA	-1.4087944	-48.4625472	9.08
BHR300BHR	26.2091417	50.6081444	-13.9
BHR400BHR	26.2091417	50.6081444	-13.9
BIK000KGZ	42.8541944	74.5331944	749.2
BILL00USA	33.5782417	-117.0646	470.06
BJCO00BEN	6.3846639	2.4500222	30.7
BJFS00CHN	39.608625	115.8924611	87.413
BJNM00CHN	40.245325	116.2241278	118.6
BLYT00USA	33.6104139	-114.71485	85.9
BNOA00IDN	-8.7465	115.2099167	39.056
BOAV00BRA	2.8451806	-60.7011139	69.48
BOGI00POL	52.4749889	21.0352111	139.9
BOGT00COL	4.6400731	-74.0809396	2576.7782
BOR100POL	52.2769556	17.0734583	124.9
BRAZ00BRA	-15.9474	-47.8778	1106.0413
BREW00USA	48.131524	-119.6826335	238.6273
BRFT00BRA	-3.8774472	-38.4255361	21.7
BRMU00GBR	32.3704	-64.6962722	-11.6
BRST00FRA	48.3804972	-4.4966	65.5
BRUN00BRN	4.9711778	114.9523611	90.669
BRUX00BEL	50.7980639	4.3585639	158.3
BSHM00ISR	32.779	35.02	225.1
BTNG00IDN	1.4389222	125.1904306	74.993
BUCU00ROU	44.4639444	26.1257389	143.2
BZRG00ITA	46.4990194	11.3367917	329
CAGS00CAN	45.585	-75.8073	235
CAS100ATA	-66.2834	110.5197	22.6
CCJ200JPN	27.0675306	142.1950278	104.214
CEBR00ESP	40.4534306	-4.3678528	775.8
CEDU00AUS	-31.8666722	133.8098278	144.8
CGGN00NGA	10.1230948	9.1183115	916.6953
CHAN00CHN	43.7905	125.4433	268.3
CHIL00USA	34.3334222	-118.0259972	1567.51
CHOF00JPN	35.6745444	139.5310569	93.9
CHPG00BRA	-22.6822731	-45.0023756	566.25
CHPI00BRA	-22.6871444	-44.9851583	617.4176
CHTI00NZL	-43.735475	-176.6171139	75.7
CHUM00KAZ	42.9985012	74.7510995	716.3321
CHUR00CAN	58.7591	-94.0887	-18.9
CHWK00CAN	49.1566	-122.0084	170
CIBG00IDN	-6.4903648	106.8491735	169.1334
CIT100USA	34.1367083	-118.1272861	215.35
CKIS00COK	-21.2009361	-159.8006167	18.4
CKSV00TWN	22.9988528	120.2200083	59.6
CMP900USA	34.3531806	-118.411425	1137.99
CMUM00THA	18.760875	98.9323778	308.962
CNMR00USA	15.2296972	145.7430917	64.4
COCO00AUS	-12.1883	96.8339	-35.2
CORD00ARG	-31.5284356	-64.4700483	747.0654
COSO00USA	35.9823444	-117.8088889	1455.16
COTE00ATA	-77.8059	161.9978	1878.1
COYQ00CHL	-45.5143	-71.8921	476
CPNM00THA	10.72465	99.3743778	9.143
CPVG00CPV	16.732062	-22.934933	94.089
CRAO00UKR	44.4132611	33.9909833	365.8
CRFP00USA	34.0390528	-117.0996833	688.82
CRO100VIR	17.7568995	-64.5843186	-31.4974
CUSV00THA	13.7359139	100.5339083	76.06
CUT000AUS	-32.0038889	115.8948	24
CUUT00THA	13.7359912	100.5339348	74.296
CZTG00ATF	-46.4318944	51.8554806	202.8
DAE200KOR	36.399425	127.3744806	116.824
DAEJ00KOR	36.3994	127.3745	117.037
DAKR00SEN	14.7212222	-17.4394722	51
DARW00AUS	-12.8437111	131.1327361	125.2
DAV100ATA	-68.5773	77.9726	44.5
DEAR00ZAF	-30.6652056	23.9926389	1321.7
DGAR00GBR	-7.2696843	72.3702402	-64.7455
DHLG00USA	33.3898056	-115.7880278	-83.05
DJIG00DJI	11.5262876	42.8470645	711.409
DLF100NLD	51.9860194	4.3874583	75.8
DLTV00VNM	11.945	108.482	1587.62
DRAG00ISR	31.5932	35.3920694	31.8
DRAO00CAN	49.3226	-119.625	542
DUBO00CAN	50.2588	-95.8662	251
DUMG00ATA	-66.6651694	140.0022	-3.38
DUND00NZL	-45.883675	170.597175	386.9
DYNG00GRC	38.0785528	23.9324333	510.6
EBRE00ESP	40.8208861	0.49235	107.3
EIL300USA	64.6878889	-147.1130139	177.2
EIL400USA	64.6878889	-147.1130139	177.2
ENAO00PRT	39.0912	-28.0260111	91.9
EPRT00USA	44.9087111	-66.9921306	30.4
ESCU00CAN	47.0734039	-64.7987103	-16.02
EUSM00MYS	5.1455694	100.4940944	18.761
FAA100PYF	-17.5553139	-149.6143	12.35
FAIR00USA	64.9779983	-147.4992396	319.1771
FALE00WSM	-13.8322	-171.9995	47.6
FALK00FLK	-51.6936522	-57.8740674	50.8407
FFMJ00DEU	50.0905778	8.6649639	178.2
FLIN00CAN	54.7256	-101.978	320
FLRS00PRT	39.4538333	-31.1263889	79.9
FRDN00CAN	45.933	-66.659	95.9
FTNA00WLF	-14.3078031	-178.1209457	84.859
FUNC00PRT	32.6479472	-16.9076167	78.5
GAMB00PYF	-23.1303547	-134.9648236	80.66
GAMG00KOR	35.5900706	127.9196603	927.965
GANP00SVK	49.0347139	20.3229361	746
GCGO00USA	65.6390501	-147.8428653	319.3891
GENO00ITA	44.4194	8.9211167	153.5
GLPS00ECU	-0.7429986	-90.3036686	1.7882
GLSV00UKR	50.3641778	30.4967389	226.8
GMSD00JPN	30.5564456	131.0155636	142.6475
GODE00USA	39.0217276	-76.8268305	14.5046
GODN00USA	39.0211667	-76.8270833	18
GODS00USA	39.0347778	-77.3869722	19.1
GODZ00USA	39.0217278	-76.8268278	14.509
GOL200USA	35.4251556	-116.88925	986.6779
GOLD00USA	35.4251556	-116.88925	986.6779
GOP600CZE	49.9136667	14.7856028	592.6
GOP700CZE	49.9136667	14.7856028	592.62
GOPE00CZE	49.9137056	14.7856222	592.6
GRAC00FRA	43.7544861	6.9207611	1319.8
GRAS00FRA	43.7547389	6.920575	1319.3
GRAZ00AUT	47.0671278	15.493475	538.3
GUAM00GUM	13.5893306	144.8683583	201.914
GUAO00CHN	43.4711	87.1773	2049.2
GUAT00GTM	14.5904028	-90.5201833	1519.9
GUUG00GUM	13.4332083	144.8027139	134.7
HAL100USA	20.7075056	-156.2561944	3049
HAMD00IRN	34.8690827	48.5343064	1750.9381
HARB00ZAF	-25.8869617	27.7072458	1558.078
HERS00GBR	50.8673	0.3362	76.5
HERT00GBR	50.8674778	0.3343528	83.3
HKSL00HKG	22.3720047	113.9279813	95.303
HKWS00HKG	22.4342824	114.3353773	63.789
HLFX00CAN	44.68355	-63.6112778	3.1
HNLC00USA	21.3033	-157.8645	22
HNPT00USA	38.5888167	-76.1303722	-28
HNUS00ZAF	-34.4246306	19.2230611	63
HOB200AUS	-42.8047194	147.4387333	41.1
HOFN00ISL	64.2672917	-15.197925	82.3
HOLB00CAN	50.6404	-128.135	560
HOLM00CAN	70.7364	-117.7609	39.5
HOLP00USA	33.9245389	-118.1681694	-6.71
HRAG00ZAF	-25.8904022	27.6851802	1407.38
HRAO00ZAF	-25.8901056	27.6869806	1414.3
HUEG00DEU	47.8339444	7.5961667	278.4
HYDE00IND	17.4172556	78.5508667	441.68
IENG00ITA	45.0151333	7.6394056	316.6
IISC00IND	13.0211659	77.5703759	843.7145
INEG00MEX	21.8561528	-102.2842028	1888.347
INVK00CAN	68.3062	-133.527	46.36
IQAL00CAN	63.7559639	-68.5104972	91.7
IQQE00CHL	-20.2735417	-70.1317167	38.9
IRKJ00RUS	52.2190194	104.3161778	502.1
IRKM00RUS	52.2190241	104.3162403	502.317
IRKT00RUS	52.219	104.3162	503.3816
ISBA00IRQ	33.3414139	44.4384028	72.4
ISHI00JPN	36.2088333	140.2189556	155.83
ISPA00CHL	-27.1249829	-109.34441	112.4948
ISTA00TUR	41.1044472	29.0193389	147.2
IZMI00TUR	38.3948083	27.0818222	74.9
JCTW00ZAF	-33.9514333	18.46855	83.596
JFNG00CHN	30.5155654	114.4910189	71.324
JNAV00VNM	21.0045853	105.8439469	34.87
JOG200IDN	-7.7638139	110.3724639	174.4
JOZ200POL	52.0978306	21.0323417	152.3
JOZE00POL	52.0972722	21.0315333	141.4
JPLM00USA	34.2048194	-118.173225	423.9843
JPRE00ZAF	-25.732025	28.2826333	1387.327
KARR00AUS	-20.9814361	117.0971861	109.2
KAT100AUS	-14.3760083	132.1532694	184.5
KERG00ATF	-49.3514669	70.2555239	73.009
KGNI00JPN	35.7103417	139.4881222	123.5
KHAR00UKR	50.0051028	36.2390083	201
KIR000SWE	67.8775722	21.0602333	498
KIR800SWE	67.8775417	21.0601778	498
KIRI00KIR	1.3545806	172.9228972	36.2
KIRU00SWE	67.85735	20.9684417	390.9
KIT300UZB	39.1347667	66.88545	622.6
KITG00UZB	39.1333864	66.8867382	620.631
KMNM00TWN	24.4638222	118.3885778	49.1
KOKB00USA	22.1262638	-159.6649298	1167.5216
KOKV00USA	22.1262638	-159.6649298	1167.5216
KOS100NLD	52.1733556	5.818225	104.8
KOST00KAZ	53.2245583	63.6081028	163.0312
KOUC00NCL	-20.5586972	164.2873333	84.17
KOUG00GUF	5.0984709	-52.6397502	107.248
KOUR00GUF	5.2522	-52.806	-25.57
KRGG00ATF	-49.351543	70.2555059	72.9673
KRS100TUR	40.5884528	43.0934444	1811.7
KSMV00JPN	35.9553722	140.657675	57.9
KUJ200CAN	55.2900083	-77.7352722	8.6
KZN200RUS	55.7907833	49.1192444	94.6
LAE100PNG	-6.6737	146.9932	140.35
LAMA00POL	53.8924	20.6699333	186.7
LAUT00FJI	-17.6088056	177.4465833	89.7
LBCH00USA	33.7877694	-118.2033444	-27.58
LCK300IND	26.9121793	80.9556358	64.165
LCK400IND	26.9121426	80.9556167	64.1821
LEIJ00DEU	51.3539806	12.3740972	178.4
LHAZ00CHN	29.6573306	91.1040222	3622
LLAG00ESP	28.4816661	-16.3207178	622.82
LMMF00MTQ	14.5948167	-60.9961694	-27
LPAL00ESP	28.7639583	-17.8938389	2207
LPGS00ARG	-34.9067444	-57.9323	29.9
LROC00FRA	46.1589389	-1.2193194	57.9
M0SE00ITA	41.8931139	12.4932583	120.6
MAC100AUS	-54.4995	158.9358	-6.7
MAD200ESP	40.4291611	-4.2496583	829.5
MADR00ESP	40.4291611	-4.2496583	829.5
MAG000RUS	59.5758	150.77	361.9266
MAJU00MHL	7.1191369	171.364525	33.9
MAL200KEN	-2.996	40.194	-20.4
MANA00NIC	12.1489389	-86.2489944	71
MAR600SWE	60.5951417	17.2585222	75.4
MAR700SWE	60.5950528	17.2584389	74.3
MARS00FRA	43.2787694	5.3537833	61.7
MAS100ESP	27.7637389	-15.6332778	197.2
MAT100ITA	40.6490611	16.7045444	534.5
MATE00ITA	40.6491306	16.7044583	535.6
MATG00ITA	40.6490278	16.7046528	537
MAUI00USA	20.7067	-156.257	3062
MAW100ATA	-67.6048	62.8707	59.2
MAYG00MYT	-12.7820532	45.2581519	-16.35
MBAR00UGA	-0.6014691	30.7378762	1337.6533
MCHL00AUS	-26.3589056	148.1449611	534.6
MCIL00JPN	24.2900944	153.9786611	35.66
MCM400ATA	-77.8383495	166.6693293	98.0222
MDO100USA	30.6805111	-104.0149933	2004.4761
MDVJ00RUS	56.0214917	37.2145028	257.4
MEDI00ITA	44.5199556	11.6468139	50
MELI00ESP	35.2812194	-2.9516417	93.5
MERS00TUR	36.5663889	34.2558528	38.5
MET300FIN	60.2174556	24.3945	79.2
METG00FIN	60.2419667	24.384175	59.7
METS00FIN	60.2174694	24.3953167	94.6
MFKG00ZAF	-25.8050139	25.5399694	1310.9
MGUE00ARG	-35.77735	-69.3979278	1554.15
MIKL00UKR	46.9727889	31.9728278	94.7
MIZU00JPN	39.1351694	141.1328278	117
MKEA00USA	19.8013566	-155.4563453	3754.7
MOBJ00RUS	55.114882	36.5697129	182.6079
MOBK00RUS	55.114882	36.5697129	182.6079
MOBN00RUS	55.1148806	36.5695194	182.634
MOBS00AUS	-37.8294054	144.9753402	40.578
MOIU00KEN	0.2883204	35.2900102	2201.5321
MONP00USA	32.89	-116.42	1842.55
MORP00GBR	55.2127889	-1.6854972	144.5
MQZG00NZL	-43.7027361	172.654705	154.68
MRC100USA	38.4990996	-77.3706496	27.2003
MRL100NZL	-41.5761944	173.7407528	147.2
MRL200NZL	-41.5761944	173.7407528	147.2
MRO100AUS	-26.6966389	116.6374917	354.1
MTKA00JPN	35.6795139	139.5613861	109
MTV100URY	-34.9135917	-56.1763	40.7
MTV200URY	-34.9135917	-56.1763	40.7
NAIN00CAN	56.5369639	-61.6887167	33.48
NANO00CAN	49.2948	-124.0865	6
NAUR00NRU	-0.5518397	166.92555	46.3
NCKU00TWN	22.9966583	120.2225833	98.217
NICO00CYP	35.1409806	33.3964333	191.7
NIST00USA	39.9950667	-105.2626056	1648.488
NIUM00NIU	-19.0765667	-169.9270667	90.1
NKLG00GAB	0.3539077	9.6721263	31.496
NLIB00USA	41.7715917	-91.5748917	207.0648
NNOR00AUS	-31.0487389	116.1927139	234.984
NOT100ITA	36.8761083	14.9898083	126.2
NOVM00RUS	55.0305	82.9094889	149.98
NRC100CAN	45.4542	-75.6238	82.5
NRIL00RUS	69.3618333	88.3597778	47.8937
NRL100USA	38.8207528	-77.0244028	-26.01
NRMD00NCL	-22.2283306	166.4848833	160.384
NTUS00SGP	1.3458	103.6799	79
NURK00RWA	-1.9445972	30.0899028	1485.3
NVSK00RUS	54.8406	83.2355	123.6429
NYA100NOR	78.9295528	11.8652944	83.7
NYA200NOR	78.9303333	11.8586389	81.5
NYAL00NOR	78.9295806	11.8650944	79
OAK100GBR	51.1176111	-0.905125	139.6
OAK200GBR	51.1176111	-0.905125	139.6
OBE400DEU	48.0848056	11.2778556	650.5
OHI200ATA	-63.3211	-57.9013	33.1
OHI300ATA	-63.3210947	-57.9013853	32.15
ONS100SWE	57.3953306	11.9245361	44.4
ONSA00SWE	57.3952972	11.9255139	45.5
OP7100FRA	48.8359059	2.3349749	124.553
OPMT00FRA	48.8358806	2.3348833	124.2
ORID00MKD	41.1273111	20.7940472	773
OSN300KOR	37.0826917	127.0336083	64.4
OSN400KOR	37.0826917	127.0336083	64.4
OUS200NZL	-45.869475	170.5109333	26.1
OWMG00NZL	-44.0242952	-176.3688031	21.603
PADO00ITA	45.41115	11.8960556	64.7
PALM00ATA	-64.7750898	-64.0511218	31.2394
PARC00CHL	-53.137	-70.8799	22.3
PARK00AUS	-32.9987611	148.2646139	397.4
PBRI00IND	11.6377796	92.7121363	-22.554
PDEL00PRT	37.7477472	-25.6627667	110.8
PEN200HUN	47.789725	19.2816639	294
PENC00HUN	47.7896	19.2815222	291.7
PERT00AUS	-31.8019	115.8852	12.9
PETS00RUS	53.0233	158.6501361	102.2
PGEN00PHL	6.0649125	125.1316621	121.124
PICL00CAN	51.4798083	-90.161975	315.1
PIE100USA	34.3015058	-108.1189274	2347.7109
PIMO00PHL	14.6357194	121.0777306	95.532
PIN100USA	33.61	-116.46	1256.17
PNGM00PNG	-2.0432222	147.366	116.3
POAL00BRA	-30.0740417	-51.1197639	76.75
POHN00FSM	6.9599444	158.2101167	90.7
POL200KGZ	42.6798	74.6943	1714.2
POLV00UKR	49.6026139	34.5429278	178.1
POTS00DEU	52.3792972	13.0660917	144.4
POVE00BRA	-8.7093361	-63.8963194	119.6
PPPC00PHL	9.7729325	118.7402337	66.543
PRDS00CAN	50.8713	-114.2935	1247.9
PRE300ZAF	-25.7464944	28.2240444	1413.8
PRE400ZAF	-25.7464944	28.2240444	1413.8
PTAG00PHL	14.5354417	121.0407654	86.647
PTBB00DEU	52.2961889	10.4597444	130.2
PTGG00PHL	14.5354022	121.0412654	86.944
PTVL00VUT	-17.7494333	168.315025	86.4
QAQ100GRL	60.7152639	-46.0477611	110.4
QIKI00CAN	67.5593333	-64.0336667	13.3
QUI300ECU	0.2151583	-78.4936083	2922.7
QUI400ECU	0.2151583	-78.4936083	2922.7
QUIN00USA	39.9745528	-120.9444278	1105.7651
RABT00MAR	33.9981028	-6.8542889	90.1
RAEG00PRT	36.9857	-25.1263889	297.9
RAMO00ISR	30.5977583	34.7631389	893.1
RBAY00ZAF	-28.7955458	32.0783851	31.7927
RCMN00KEN	-1.221	36.8937778	1607.54
RDSD00DOM	18.4613972	-69.9113	-9.2087
REDU00BEL	50.0015	5.1448806	369.9
RESO00CAN	74.6908	-94.8933	34.9
REUN00REU	-21.2083333	55.5716667	1558.4
REYK00ISL	64.1387833	-21.9554833	93.1
RGDG00ARG	-53.7858385	-67.7515279	32.364
RIGA00LVA	56.9486194	24.0587722	34.7
RIO200ARG	-53.7854722	-67.7511194	32
RIOP00ECU	-1.6506	-78.6511	2793
ROAG00ESP	36.46335	-6.206275	83.2
ROCK00USA	34.235675	-118.6764306	553.39
ROTH00ATA	-67.5714022	-68.1257462	39.793
SALU00BRA	-2.5934583	-44.2124778	18.9
SAMO00WSM	-13.8492111	-171.7384194	76.9
SANT00CHL	-33.1502878	-70.6685535	723.0746
SASK00CAN	52.1962556	-106.3983528	580
SAVO00BRA	-12.9392472	-38.4322528	76.3
SBOK00ZAF	-29.6693222	17.8792083	1043.1
SCH200CAN	54.8321	-66.8326	498.2
SCIP00USA	32.91	-118.49	452.87
SCOR00GRL	70.4853333	-21.9503361	128.5
SCRZ00BOL	-17.7967917	-63.1596778	442.2
SCTB00ATA	-77.8489861	166.7580139	-18.9
SCUB00CUB	20.0120667	-75.7623139	21.9
SEJN00KOR	36.5222111	127.3031917	181.196
SEME00KAZ	50.4326944	80.2659083	180.2105
SEY200SYC	-4.6736512	55.4794536	538.8156
SEYG00SYC	-4.6787318	55.5306305	-37.085
SFDM00USA	34.4598056	-118.7545056	291.52
SFER00ESP	36.4643444	-6.2056472	84.1
SGOC00LKA	6.892075	79.8741778	-78.5
SGPO00USA	36.6041833	-97.4848222	290.2
SHAO00CHN	31.0996422	121.2004449	22.0901
SHE200CAN	46.2206908	-64.55201	-15.3
SIN100SGP	1.3429811	103.6794383	92.54
SMST00JPN	33.5778553	135.9369553	97.536
SNI100USA	33.247875	-119.5243639	239.67
SOD300FIN	67.4207861	26.3892861	300.8
SOFI00BGR	42.5561	23.3947	1119.6
SOLO00SLB	-9.4349222	159.9543444	122.9
SPK100USA	34.0593417	-118.6461611	440.13
SPT000SWE	57.7149556	12.8913444	219.9
SPTU00BRA	-21.9291167	-50.4923694	508.78
SSIA00SLV	13.6973	-89.1162	664.4
STFU00USA	37.4269069	-122.1732908	20.41
STHL00GBR	-15.9425339	-5.6673454	453.29
STJ300CAN	47.5954351	-52.6783078	154.515
STJO00CAN	47.5952389	-52.6777472	152.8
STK200JPN	43.5286444	141.8448194	118.54
STPM00SPM	46.7778238	-56.1682444	0.473
STR100AUS	-35.3155389	149.0108833	800
STR200AUS	-35.3161667	149.0101528	802.6
SULP00UKR	49.8355889	24.0144889	370.5
SUTH00ZAF	-32.3802108	20.8104623	1799.7659
SUTM00ZAF	-32.3814361	20.8109111	1797.6
SUWN00KOR	37.2755	127.0542	83.9322
SVTL00RUS	60.5328556	29.7808722	76.8
SYDN00AUS	-33.7808845	151.1503769	85.6837
SYOG00ATA	-69.007	39.5837	50.0902
TABL00USA	34.38185	-117.6782833	2228.03
TANA00ETH	11.5690716	37.3291059	1850.9624
TASH00UZB	41.32805	69.2955667	439.7
TCMS00TWN	24.7979861	120.9873891	77.2607
TDOU00ZAF	-23.0799083	30.3840056	630.2
TEHN00IRN	35.6972806	51.3340917	1194.57
THTG00PYF	-17.5770603	-149.6064384	97.994
THTI00PYF	-17.5770584	-149.606445	98.49
THU200GRL	76.537	-68.825	36.1
TID100AUS	-35.3992111	148.9799944	665.4
TIDB00AUS	-35.3992056	148.9799972	665.3719
TIT200DEU	51.0352333	6.4315778	156.1
TIXI00RUS	71.634475	128.8664139	46.9847
TLSE00FRA	43.5606944	1.4808722	207.2
TLSG00FRA	43.5497125	1.4850415	208.753
TNML00TWN	24.7979549	120.9873441	75.8599
TONG00TON	-21.1447139	-175.1792222	56.3
TOPL00BRA	-10.1710528	-48.3306778	256.55
TORP00USA	33.7977972	-118.3306028	-5.22
TOW200AUS	-19.2692861	147.0556861	88.2
TRAK00USA	33.6179361	-117.8034389	115.5
TRO100NOR	69.6627139	18.9396306	138
TSK200JPN	36.105575	140.0871167	69.93
TSKB00JPN	36.1056806	140.0874972	67.3
TUBI00TUR	40.7867278	29.450675	221.8
TUVA00TUV	-8.5252917	179.1965611	38.4
TWTF00TWN	24.9536	121.1645	203.122
UCAL00CAN	51.079975	-114.13385	1118.8
UCLP00USA	34.0691222	-118.4419111	111.54
UCLU00CAN	48.9256	-125.5416	10
UFPR00BRA	-25.4483694	-49.2309556	925.8
ULAB00MNG	47.8650667	107.0523306	1575.7
ULDI00ZAF	-28.2931167	31.4209222	607.9
UNB300CAN	45.9502083	-66.6417056	22.85
UNBD00CAN	45.9501233	-66.6414947	23.12
UNBJ00CAN	45.9502083	-66.6417056	22.75
UNBN00CAN	45.9502083	-66.6417056	22.85
UNSA00ARG	-24.7274556	-65.4076444	1257.8
UNX200AUS	-33.9177667	151.2318739	87.07
UNX300AUS	-33.9177667	151.2318739	87.07
URAL00RUS	56.838275	60.6148583	279.96
URUM00CHN	43.80795	87.6006722	858.9
USN700USA	38.9205661	-77.0662766	58.924
USN800USA	38.9205661	-77.0662766	58.924
USN900USA	38.9205661	-77.0662766	58.924
USNO00USA	38.9189639	-77.066225	48.9
USUD00JPN	36.1331103	138.3620436	1508.6193
UTQI00USA	71.3227556	-156.6150167	12.1
UZHL00UKR	48.632	22.2976	232
VACS00MUS	-20.2970911	57.4970366	420.4
VALD00CAN	48.0970583	-77.5641667	312.8
VILL00ESP	40.4435917	-3.9519806	647.4
VIS000SWE	57.6538667	18.3673111	79.8
VNDP00USA	34.5563111	-120.61645	-11.5
VOIM00MDG	-21.9063	46.7932722	1163.3
WAB200CHE	46.92375	7.4642556	611.21
WARK00NZL	-36.4344111	174.6627806	111.3
WARN00DEU	54.1697861	12.101425	50.8
WDC500USA	38.9205639	-77.0663167	59
WDC600USA	38.9205639	-77.0663167	59
WES200USA	42.6133361	-71.4933278	85
WGTN00NZL	-41.3234564	174.8058931	26.06
WHC100USA	33.9798861	-118.0311694	94.25
WHIT00CAN	60.7505	-135.2221	1427
WIDC00USA	33.9347583	-116.3917806	445.04
WILL00CAN	52.2369	-122.1678	1096
WIND00NAM	-22.5749194	17.0894306	1734.7
WLSN00USA	34.2261222	-118.0559139	1705.26
WROC00POL	51.1132639	17.0620278	180.3
WSRT00NLD	52.9146	6.6045	86
WTZ300DEU	49.1447778	12.8786389	663.4
WTZA00DEU	49.144225	12.8789	665.9
WTZR00DEU	49.1441972	12.8789083	666
WTZS00DEU	49.1447861	12.878625	663.4
WTZZ00DEU	49.1442139	12.8789056	665.9
WUH200CHN	30.5317	114.3573	25.8
WUHN00CHN	30.5316528	114.3572611	28.2
XMIS00AUS	-10.4499694	105.6884944	261.6
YAKT00RUS	62.0309611	129.6803	103.37
YAR200AUS	-29.0465611	115.3469722	241.3
YAR300AUS	-29.0465	115.3471472	242.7
YARR00AUS	-29.0465944	115.3469694	241.4
YEBE00ESP	40.5248972	-3.0886306	972.8
YEL200CAN	62.4813211	-114.4808464	181.008
YELL00CAN	62.4809	-114.4807	181
YIBL00OMN	22.1864583	56.1123333	95.1
YKRO00CIV	6.8705603	-5.240093	270
YONS00KOR	37.5411222	127.0013444	96.849
YSSK00RUS	47.0297361	142.7167194	91.2887
ZAMB00ZMB	-15.4255408	28.3110124	1324.9144
ZECK00RUS	43.7883917	41.5650639	1166.8
ZIM200CHE	46.8770917	7.4650278	956.5
ZIM300CHE	46.8770917	7.4650278	956.5
ZIMM00CHE	46.8770944	7.4652722	956.4
ZWE200RUS	55.7	36.76	272