aggo    -34.873706944   -58.139856958     39.6910
alic    -23.670111617   133.885520767    603.2413
areg    -16.465422777   -71.492903935   2489.3411
ascg     -7.916280771   -14.332664674     37.9908
auck    -36.602838265   174.834386343    132.6890
bik0     42.854193420    74.533183248    744.8677
cas1    -66.283360570   110.519706545     22.4860
ccj2     27.067532610   142.195025423    104.2178
chof     35.674544517   139.531063001     93.9955
chpg    -22.682272466   -45.002375875    566.2713
chti    -43.735471182  -176.617119769     75.6660
ckis    -21.201023210  -159.800617568     18.4121
cmum     18.760877218    98.932380514    309.0000
cut0    -32.003885958   115.894801105     24.0001
cztg    -46.431896519    51.855482212    202.8150
darw    -12.843698347   131.132743350    125.1204
dlf1     51.986020794     4.387463673     75.8390
ftna    -14.307801462  -178.120948462     84.8833
gamb    -23.130353295  -134.964826953     80.6751
gamg     35.590070532   127.919660584    927.9678
harb    -25.886960903    27.707246746   1558.0873
jfng     30.515564989   114.491020829     71.3128
kiru     67.857353167    20.968452048    391.0426
kitg     39.133386436    66.886738408    620.6353
koug      5.098471553   -52.639750305    107.2722
krgg    -49.351543438    70.255506009     72.9786
kzn2     55.790782875    49.119248690     94.5190
lhaz     29.657333734    91.104031337   3624.6203
llag     28.481667065   -16.320716669    622.7359
lmmf     14.594817318   -60.996175867    -27.0907
m0se     41.893115365    12.493261583    120.5899
maju      7.119150976   171.364515161     33.6934
mal2     -2.996053398    40.194145649    -20.9314
mayg    -12.782052406    45.258152922    -16.3553
metg     60.241967334    24.384176414     59.6827
mgue    -35.777350078   -69.397928100   1553.7270
nklg      0.353908648     9.672127392     31.5033
nya2     78.930332615    11.858638166     81.4709
ohi2    -63.321080000   -57.901329002     32.5054
ous2    -45.869471082   170.510927435     26.1082
pfrr     65.117437156  -147.433067472    512.3797
pngm     -2.043227685   147.366004247    116.3406
ptgg     14.535402319   121.041265045     84.8656
ptvl    -17.749432451   168.315022068     86.4931
reun    -21.208224441    55.571722139   1558.3630
reyk     64.138786384   -21.955488338     93.0144
rio2    -53.785470663   -67.751117373     32.0361
sctb    -77.848986841   166.758023426    -18.9708
scub     20.012063970   -75.762316989     20.9208
seyg     -4.678731311    55.530631837    -37.6055
sgoc      6.892077063    79.874179103    -78.5036
sin1      1.342980811   103.679439736     92.3919
solo     -9.434912411   159.954345537    122.9235
stfu     37.426907949  -122.173293240     20.4033
stj3     47.595435813   -52.678308865    154.5168
sutm    -32.381431856    20.810912916   1797.6110
sydn    -33.780873156   151.150381827     85.6017
thtg    -17.577058567  -149.606441554     98.0287
tow2    -19.269273731   147.055691509     88.1248
ucal     51.079975432  -114.133850993   1118.6838
ulab     47.865067094   107.052329795   1575.5667
unbd     45.950123729   -66.641495655     23.0425
unsa    -24.727455137   -65.407643327   1257.7979
vill     40.443595186    -3.951976548    647.3478
wind    -22.574918033    17.089434243   1734.6558
wroc     51.113262620    17.062043828    180.8192
xmis    -10.449960439   105.688503397    261.5341
yel2     62.481320609  -114.480848196    181.0373
